[Violin]
1155665-4433221-
5544332-5544332-
1155665-4433221-

[Violin]
5,5,33443-
22117,7,3-
3322117,-
3322117,-
5,5,33443-
22117,7,6,-

[Viola]
1,;3,;5,;3,;1,;3,;5,;3,;
1,;4,;6,;4,;1,;3,;5,;3,;
1,;4,;6,;4,;1,;3,;5,;3,;
7,,;2,;5,;2,;1,;3,;5,;3,;
1,;3,;5,;3,;1,;4,;6,;4,;
1,;3,;5,;3,;7,,;2,;5,;2,;
1,;3,;5,;3,;1,;4,;6,;4,;
1,;3,;5,;3,;7,,;2,;5,;2,;
1,;3,;5,;3,;1,;3,;5,;3,;
1,;4,;6,;4,;1,;3,;5,;3,;
1,;4,;6,;4,;1,;3,;5,;3,;
7,,;2,;5,;2,;5,-

[Cello]
1,,1,,5,,5,,6,,6,,5,,-
4,,4,,3,,3,,2,,2,,1,,-
5,,5,,4,,4,,3,,3,,2,,-
5,,5,,4,,4,,3,,3,,2,,-
1,,1,,5,,5,,6,,6,,5,,-
4,,4,,3,,3,,2,,2,,1,,-
